# Valid 6-digit ANZSCO 2019 occupation codes, one per line.
# Source: ABS ANZSCO 2019 (cat. 1220.0), via strayr::anzsco2019.
# https://www.abs.gov.au/statistics/classification/anzsco-australian-and-new-zealand-standard-classification-occupations/latest-release
# Regenerate with data-raw/update_anzsco_codes.R
100000
110000
111000
111111
111211
111212
111311
111312
111399
120000
121000
121111
121211
121212
121213
121214
121215
121216
121217
121218
121221
121299
121311
121312
121313
121314
121315
121316
121317
121318
121321
121322
121399
121411
130000
131000
131111
131112
131113
131114
132000
132111
132211
132311
132411
132511
133000
133111
133112
133211
133311
133312
133411
133511
133512
133513
133611
133612
134000
134111
134211
134212
134213
134214
134299
134311
134411
134412
134499
135000
135111
135112
135199
139000
139111
139112
139113
139211
139911
139912
139913
139914
139915
139999
140000
141000
141111
141211
141311
141411
141911
141912
141999
142000
142111
142112
142113
142114
142115
142116
149000
149111
149112
149113
149211
149212
149311
149411
149412
149413
149911
149912
149913
149914
149915
149999
200000
210000
211000
211111
211112
211113
211199
211211
211212
211213
211214
211299
211311
211411
211412
211413
211499
212000
212111
212112
212113
212114
212211
212212
212311
212312
212313
212314
212315
212316
212317
212318
212399
212411
212412
212413
212414
212415
212416
212499
220000
221000
221111
221112
221113
221211
221212
221213
221214
222000
222111
222112
222113
222199
222211
222212
222213
222299
222311
222312
223000
223111
223112
223113
223211
223311
224000
224111
224112
224113
224211
224212
224213
224214
224311
224411
224412
224511
224512
224611
224711
224712
224911
224912
224913
224914
224999
225000
225111
225112
225113
225211
225212
225213
225311
225411
225412
225499
230000
231000
231111
231112
231113
231114
231199
231211
231212
231213
231214
231215
231299
232000
232111
232112
232211
232212
232213
232214
232311
232312
232313
232411
232412
232413
232414
232511
232611
233000
233111
233112
233211
233212
233213
233214
233215
233311
233411
233511
233512
233513
233611
233612
233911
233912
233913
233914
233915
233916
233999
234000
234111
234112
234113
234211
234212
234213
234311
234312
234313
234314
234399
234411
234412
234413
234511
234512
234513
234514
234515
234516
234517
234518
234599
234611
234711
234911
234912
234913
234914
234915
234999
240000
241000
241111
241112
241211
241212
241213
241311
241411
241511
241512
241513
241599
242000
242111
242112
242211
249000
249111
249112
249211
249212
249213
249214
249299
249311
250000
251000
251111
251112
251211
251212
251213
251214
251311
251312
251411
251412
251511
251512
251513
251911
251912
251999
252000
252111
252112
252211
252212
252213
252214
252215
252299
252311
252312
252411
252511
252611
252711
252712
253000
253111
253112
253211
253311
253312
253313
253314
253315
253316
253317
253318
253321
253322
253323
253324
253399
253411
253511
253512
253513
253514
253515
253516
253517
253518
253521
253911
253912
253913
253914
253915
253916
253917
253918
253999
254000
254111
254211
254212
254311
254411
254412
254413
254414
254415
254416
254417
254418
254421
254422
254423
254424
254425
254499
260000
261000
261111
261112
261211
261212
261311
261312
261313
261314
261399
262000
262111
262112
262113
263000
263111
263112
263113
263211
263212
263213
263299
263311
263312
270000
271000
271111
271211
271212
271213
271214
271299
271311
272000
272111
272112
272113
272114
272115
272199
272211
272311
272312
272313
272314
272399
272411
272412
272413
272414
272499
272511
272611
272612
272613
300000
310000
311000
311111
311211
311212
311213
311214
311215
311216
311299
311311
311312
311313
311399
311411
311412
311413
311414
311415
311499
312000
312111
312112
312113
312114
312115
312116
312199
312211
312212
312311
312312
312411
312412
312511
312512
312611
312911
312912
312913
312999
313000
313111
313112
313113
313199
313211
313212
313213
313214
320000
321000
321111
321211
321212
321213
321214
322000
322111
322112
322113
322114
322115
322211
322311
322312
322313
323000
323111
323112
323113
323211
323212
323213
323214
323215
323299
323311
323312
323313
323314
323315
323316
323411
323412
324000
324111
324211
324212
324311
330000
331000
331111
331112
331211
331212
331213
332000
332111
332211
333000
333111
333211
333212
333311
333411
334000
334111
334112
334113
334114
334115
340000
341000
341111
341112
341113
342000
342111
342211
342212
342311
342312
342313
342314
342315
342411
342412
342413
342414
350000
351000
351111
351112
351211
351311
351411
360000
361000
361111
361112
361113
361114
361115
361199
361211
361311
362000
362111
362211
362212
362213
362311
362411
390000
391000
391111
392000
392111
392112
392211
392311
392312
393000
393111
393112
393113
393114
393211
393212
393213
393299
393311
394000
394111
394211
394212
394213
394214
394299
399000
399111
399112
399211
399212
399213
399311
399312
399411
399511
399512
399513
399514
399515
399516
399517
399599
399611
399911
399912
399913
399914
399915
399916
399917
399918
399999
400000
410000
411000
411111
411112
411211
411212
411213
411214
411311
411411
411412
411511
411512
411611
411711
411712
411713
411714
411715
411716
420000
421000
421111
421112
421113
421114
422000
422111
422112
422113
422114
422115
422116
423000
423111
423211
423311
423312
423313
423314
423411
423412
423413
430000
431000
431111
431112
431211
431311
431411
431511
431911
431912
431999
440000
441000
441111
441211
441212
441311
441312
442000
442111
442211
442212
442213
442214
442215
442216
442217
442299
450000
451000
451111
451211
451311
451399
451411
451412
451511
451512
451513
451611
451612
451711
451799
451811
451812
451813
451814
451815
451816
451899
452000
452111
452211
452212
452213
452214
452215
452216
452217
452299
452311
452312
452313
452314
452315
452316
452317
452318
452321
452322
452323
452411
452412
452413
452414
452499
500000
510000
511000
511111
511112
512000
512111
512211
512299
520000
521000
521111
521211
521212
530000
531000
531111
532000
532111
532112
532113
540000
541000
541111
541112
541211
542000
542111
542112
542113
542114
550000
551000
551111
551112
551211
551311
552000
552111
552211
552311
552312
552313
552314
560000
561000
561111
561112
561113
561199
561211
561212
561311
561411
561412
561511
561611
561911
561912
561913
561999
590000
591000
591111
591112
591113
591114
591115
591116
591117
591211
591212
599000
599111
599112
599211
599212
599213
599214
599215
599311
599411
599511
599512
599513
599514
599515
599516
599517
599518
599521
599599
599611
599612
599613
599711
599911
599912
599913
599914
599915
599916
599999
600000
610000
611000
611111
611112
611211
611311
611312
611313
611314
611399
612000
612111
612112
612113
612114
612115
620000
621000
621111
621211
621311
621312
621411
621511
621611
621711
621712
621713
621911
621912
621999
630000
631000
631111
631112
639000
639111
639112
639211
639212
639311
639411
639412
639511
639911
700000
710000
711000
711111
711112
711113
711114
711199
711211
711311
711312
711313
711314
711411
711511
711512
711513
711514
711515
711516
711599
711611
711711
711712
711713
711714
711715
711716
711799
711911
711912
711913
711914
711999
712000
712111
712211
712212
712213
712311
712911
712912
712913
712914
712915
712916
712917
712918
712921
712922
712999
720000
721000
721111
721112
721211
721212
721213
721214
721215
721216
721311
721911
721912
721913
721914
721915
721916
721999
730000
731000
731111
731112
731199
731211
731212
731213
731311
731312
732000
732111
733000
733111
733112
733113
733114
733115
740000
741000
741111
800000
810000
811000
811111
811211
811311
811411
811412
811511
811512
811513
811611
811612
811699
820000
821000
821111
821112
821113
821114
821211
821311
821411
821412
821511
821611
821711
821712
821713
821714
821911
821912
821913
821914
821915
830000
831000
831111
831112
831113
831114
831115
831116
831117
831118
831199
831211
831212
831311
831312
831313
832000
832111
832112
832113
832114
832115
832199
832211
839000
839111
839211
839212
839311
839312
839313
839411
839412
839413
839911
839912
839913
839914
839915
839916
839917
839918
839999
840000
841000
841111
841211
841212
841213
841214
841215
841216
841217
841299
841311
841312
841313
841411
841412
841511
841512
841513
841514
841515
841516
841517
841599
841611
841911
841912
841913
841999
850000
851000
851111
851211
851299
851311
890000
891000
891111
891112
891113
891211
899000
899111
899211
899212
899311
899411
899412
899413
899414
899415
899511
899512
899611
899711
899911
899912
899913
899914
899915
899916
899917
899918
899921
899922
899923
899999
